30.0
Point = 0
p0 0.0 0.0 0.0
p1 0.7768081264884646 0.7768081264884646 0.0
p2 0.7768081264884646 0.0 0.7768081264884646
p3 0.0 0.7768081264884646 0.7768081264884646
p4 0.0 0.0 1.5536162529769293
p5 0.7768081264884646 0.7768081264884646 1.5536162529769293
p6 0.7768081264884646 0.0 2.330424379465394
p7 0.0 0.7768081264884646 2.330424379465394
p8 0.0 1.5536162529769293 0.0
p9 0.7768081264884646 2.330424379465394 0.0
p10 0.7768081264884646 1.5536162529769293 0.7768081264884646
p11 0.0 2.330424379465394 0.7768081264884646
p12 0.0 1.5536162529769293 1.5536162529769293
p13 0.7768081264884646 2.330424379465394 1.5536162529769293
p14 0.7768081264884646 1.5536162529769293 2.330424379465394
p15 0.0 2.330424379465394 2.330424379465394
p16 1.5536162529769293 0.0 0.0
p17 2.330424379465394 0.7768081264884646 0.0
p18 2.330424379465394 0.0 0.7768081264884646
p19 1.5536162529769293 0.7768081264884646 0.7768081264884646
p20 1.5536162529769293 0.0 1.5536162529769293
p21 2.330424379465394 0.7768081264884646 1.5536162529769293
p22 2.330424379465394 0.0 2.330424379465394
p23 1.5536162529769293 0.7768081264884646 2.330424379465394
p24 1.5536162529769293 1.5536162529769293 0.0
p25 2.330424379465394 2.330424379465394 0.0
p26 2.330424379465394 1.5536162529769293 0.7768081264884646
p27 1.5536162529769293 2.330424379465394 0.7768081264884646
p28 1.5536162529769293 1.5536162529769293 1.5536162529769293
p29 2.330424379465394 2.330424379465394 1.5536162529769293
30.0
Point = 1
p0 -0.6743470710445825 -0.8709847947210955 -0.8758334523333784
p1 0.7668840485177144 0.6491003383718371 -0.6709129964428369
p2 0.7659528071999171 -0.7124333045895128 0.8080561773958961
p3 -0.7861001153348507 0.7022508305281628 0.885374431347614
p4 -0.7232224368021462 -0.7020376243671429 1.4253110088103773
p5 0.8547514774707021 0.7037012681841022 1.439529967627925
p6 0.7821484349062232 -0.651120912276586 3.171526969329157
p7 -0.7135383552925598 0.7552148239792472 3.206322261246069
p8 -0.7200826752438514 1.6699452456291526 -0.766897920104547
p9 0.7847388944694037 3.0534274840654754 -0.5815249041386911
p10 0.6726533549519916 1.4498198578076116 0.6996233430995621
p11 -0.8589110630991827 3.063825732357076 0.7385106143710889
p12 -0.55452764665353 1.6752068202000516 1.5536577562023959
p13 0.7581002181439708 3.03808387600591 1.5325992263658645
p14 0.8431423154844028 1.6344205369435725 3.1412919386924263
p15 -0.6271256277696973 3.201506972721406 3.1345261884806614
p16 1.517813949656293 -0.7862570540507929 -0.5263390060948017
p17 3.2437964179189382 0.8982813522758919 -0.6068538569878479
p18 3.2111844028994216 -0.8255365725723488 0.7680379774954583
p19 1.6521566639960366 0.6772465541765325 0.6612695847190788
p20 1.4659805005785032 -0.5520019994532359 1.7135901236977238
p21 3.2006702930216098 0.9322616073022391 1.6431471570569718
p22 3.151280623934157 -0.6351925120736702 3.1895996070927657
p23 1.6096388855465489 0.9606521434085062 3.0046026564913575
p24 1.6381115519939653 1.5105415324322227 -0.3828365863132831
p25 2.9519918641232814 3.03473081946912 -0.4900653738300217
p26 3.086340393532902 1.4560311576664298 0.6937259268439967
p27 1.4416086948564217 3.227818622021789 0.8304522073285359
p28 1.6732937478629195 1.6669746669508478 1.7433864357450222
p29 2.9883648891790546 3.1772719706111823 1.5430638493209754
30.0
Point = 2
p0 41.99223731234814 -2605.4210518873224 -136.64281747510265
p1 -259.6579857257165 -168.75854178275804 -15.749695315177412
p2 -302.0564870676893 4.839177012246126 -63.84521751331336
p3 -155.7968113873519 -49.4637611543374 -11.86315557272449
p4 -10.343709462647166 -59.245795683547875 15.229573298463015
p5 -15.978393014143203 -35.759453870466444 -0.12522195293003358
p6 -80.43535160172915 -27.12932954977883 87.43803278778107
p7 -29.48142419730698 -317.4493427240806 49.01228508010732
p8 -63.399594462522046 2596.8823963954737 80.7964302978305
p9 -1.0143631613143582 158.9978866525905 -8.321610112438234
p10 -204.53853362065496 -6.391546514583391 -137.034810635658
p11 -27.555659438677054 56.00009136935005 -57.3732752107483
p12 -3.3658256424935784 61.95669249760713 34.0588327735352
p13 -8.956249348463105 50.94811871847247 4.423324932270338
p14 8.579583570539375 29.79097082484052 149.54659944187395
p15 -158.39954891970146 334.66003710511114 221.72395008950002
p16 3.3589850993881685 -18.72614650207717 -10.699980857228962
p17 264.05246394728164 25.864168964034956 -4.28035485253361
p18 312.92223221538165 -40.24786681229277 -134.794484809894
p19 245.21431441487783 -1022.1093443913155 -103.76271182728362
p20 4.87576300106879 -15.971790524431867 7.764892267147434
p21 25.2028046648597 -2.7557414177616715 13.250799027721676
p22 84.6430234474008 -18.23292573507354 160.7326491759179
p23 4.1798094595510875 -219.08095318788315 1399.773861466116
p24 25.65476893921308 238.7088433053969 -1383.2415569589407
p25 177.2312109666705 23.240778140249468 -199.9510417402795
p26 199.5481784896051 15.076309224849249 -1.2880708073697442
p27 -65.9192470937121 1023.7261048909421 68.10995678680445
p28 10.920519314655463 7.02616954432985 7.750521004845567
p29 11.926038740285653 12.428596531220265 1.988238524224064
30.0
Point = 3
p0 20569.935885167404 -207752.0766758863 -10597.320255006376
p1 -205984.66881945796 -2189611.392482341 -47146.70371970662
p2 -1336.4330946615983 -654.9895943457973 -742.1210281099993
p3 -5158.091505442358 -4648.539996450371 -591.6293459720821
p4 6556.047383012234 -267526.43401748076 -9315.126882833263
p5 2263201990.3957763 -48013464040.10946 -3092279792.2569838
p6 -41473.15456489874 -9632.006895335006 29297.82351560061
p7 11210.05467219411 -64293.280040209036 17886.971843201867
p8 159268.83917512465 2714662.279051674 90236.79505371259
p9 2298.323766256181 6285.313577789446 -141.90022301391014
p10 -1980721.7463881024 -2104593.847537289 10694614.636143925
p11 -13739757749.45314 33211268339.205967 -20743414156.241146
p12 2515.150815929527 2927.2773780889834 1977.6563880609444
p13 -6445.406381981833 4056.8122008977357 -13996.098008563356
p14 5327.601877695188 -26270.409149709143 21670.21291167642
p15 -269.5082678347537 1652.8326600954108 1217.3570403540184
p16 13739266233.07862 -33210417184.788036 20743454069.392273
p17 362541.2020771078 14626.643928953325 806599.6779771475
p18 16218338.46164134 -2651476.731447827 -7370225.93387648
p19 1078900067.0276427 -4784661802.970037 -489054308.101678
p20 -2512.2997556549344 1102.3874355661414 1099.3903362872393
p21 42728.14062734133 9702.488298832599 -28615.60619967046
p22 4832.142603104869 -1568.4957024070861 8264.661254222685
p23 115.13477963427565 -4269.89386076862 23178.614091982487
p24 1980299.746631191 2122134.165550806 -10767326.37921722
p25 -354671.7423436481 -11168.816452840609 -809901.0810762782
p26 283113.8626448684 11593.466186247944 54167.28192782659
p27 -2263207188.8617253 48013489416.79732 3092260391.7633915
p28 16.016703515781906 -1706.3243786926112 -2922.709714790018
p29 -1094904476.3945813 4786441734.838963 496345139.6011496
30.0
Point = 4
p0 1112548630.9862401 -2521448868.857369 1873334482.3106368
p1 109784769.03424975 -62257833.38274981 47884280.805481
p2 34781290193.9328 -83911848720.87955 52528150452.94961
p3 3014283300.027698 -38406641401.992966 -1577124703.3242652
p4 523252389478722.94 -1264797360082465.5 789972500045679.4
p5 716569798637441.4 -1.5202397636546188e+16 -979145074560727.2
p6 -1466378258.192555 3225271656.028048 -2265039213.9991775
p7 2931055315.8193183 -12318733335.002934 2342190028.2066073
p8 -76815326605.60014 1418997541048.82 63605041511.96703
p9 23087584034.51266 -395617800233.027 -17473015825.75862
p10 1891576514235128.5 -4.016633266101028e+16 -2577812059710839.0
p11 -523395232767194.06 1265141952404531.2 -790188510222464.5
p12 -650437966006.9368 -866083185826.7552 3570400095879.1475
p13 -1414493264.883987 -6534974523.478415 -3565915426.303901
p14 -36420272.58362798 148238702.45553362 -876592.1281940422
p15 -716345317370623.9 1.5196663618167052e+16 978689863393400.4
p16 359426405226.33496 -788830180980.2313 554899761982.3313
p17 2077020723.0079424 -25501560722.401245 9108000644.795273
p18 1174533149013.1858 -2124287930172.582 -620190038486.5995
p19 2761174142.1869774 -12239832258.053642 -1250695323.4678268
p20 -1355440935946.628 874594144392.7551 85735055316.25952
p21 36198243113.91144 780679264.9236447 70531324435.73212
p22 -29944889482.831448 634791900375.9196 40841213430.44156
p23 306575692974.79504 -1338409144451.587 -137384475540.84355
p24 998207129473.7776 -5514922218909.494 -4271068303979.67
p25 -33945253199.119076 -10594902190.192593 -71559979017.03497
p26 -192999438295.83707 3099421651520.746 487265579539.2846
p27 -1892019825072916.2 4.017571696859998e+16 2578418726086306.5
p28 75331716114.12779 -191031364049.28738 104672663480.9522
p29 -315973116218.2177 1384433064913.0103 147040137320.41852
30.0
Point = 5
p0 -37402510943940.62 214634344364454.5 -37248238479031.33
p1 -1.0334717811936612e+16 2.636890886312765e+16 -1.5685303375086744e+16
p2 -1.5707622973815888e+16 3.794172123811517e+16 -2.3741140121380956e+16
p3 -150058919299185.7 385281167735198.0 26968170249682.38
p4 2.1475050972552983e+19 -5.193460219812102e+19 3.2396094453956825e+19
p5 5.071504088982616e+17 -1.0760787773495988e+19 -6.929301180485398e+17
p6 -326731530084315.4 3863628384521731.0 -5263161319759.374
p7 -681365738698386.4 4264781833512883.0 488001144065525.8
p8 1242471627328817.5 -2910857899633546.0 1890326323752084.0
p9 -154624239789158.44 -4634352386583533.0 -1031755628034831.8
p10 3.5662845090984496e+22 -7.57248456002075e+23 -4.860647175442568e+22
p11 -3861556274397435.5 2.45477274078132e+16 -3508363339836716.5
p12 -5159355582880982.0 -1.1645792409724418e+16 2.906403408517273e+16
p13 -7.789351717963835e+16 1.6540099134825247e+18 1.0615339964549126e+17
p14 -1.3306117511492491e+17 2.830917827187927e+18 1.8037942003809747e+17
p15 -1.7606271220738118e+21 3.7375964407205928e+22 2.4010210818532736e+21
p16 -2.5713334699710164e+16 8.87215913418764e+16 -3.4451040502459164e+16
p17 -3345767600575299.0 6049066774745895.0 1757343516455809.2
p18 4039209224733857.0 -6630910806004964.0 -2258445530959887.5
p19 1.0041895294216995e+17 -1.9217508304893555e+18 -1.2397127261272368e+17
p20 -1.157109199253529e+16 3.398271136354645e+16 2401708260076019.5
p21 145131865727262.47 4862287403614059.0 1048721230622063.4
p22 1.1543759068827242e+16 -1.3561675161381414e+17 -3.6792348048840616e+16
p23 -92238698432778.73 4013556969972757.5 195903708681964.1
p24 -3241025729048734.0 6.922468010309874e+16 4348271021154026.5
p25 15948280351422.994 -273181094894268.47 -12566447661370.152
p26 -3.39022319175286e+22 7.198727905516263e+23 4.620547087777878e+22
p27 -8.034240057877976e+16 1.705771918740142e+18 1.0953653256215229e+17
p28 -2.90007559672827e+17 6.156810863713598e+18 3.969441134117488e+17
p29 -2.1423976689702117e+19 5.1827944790893765e+19 -3.2316109538384204e+19
30.0
Point = 6
p0 -5.167348803947983e+22 1.0963529494596059e+24 7.0300742310369465e+22
p1 -1.6992835012210006e+20 1.1049183834311693e+21 -1.670696401706057e+20
p2 3.9291640881807887e+18 -6.015393867946329e+19 -2.0455015670697708e+18
p3 1.9794769430189045e+20 -4.2027808907337794e+21 -2.6971017173132532e+20
p4 8.003826419020745e+28 -1.698562150704782e+30 -1.0893893929499786e+29
p5 3.6071998427327862e+22 -7.667660503640067e+23 -4.949906764129592e+22
p6 -1.8602901456560081e+22 2.728714116024439e+23 6.792906961732573e+21
p7 8.892796742848849e+22 -1.886135927212184e+24 -1.2085680593734647e+23
p8 -2.735407070554792e+22 7.045845504047117e+23 5.629722402717881e+22
p9 5.699113107346315e+24 -1.2101379562301595e+26 -7.767347364992758e+24
p10 1.6298973566493775e+26 -3.460848560085842e+27 -2.2214603254361817e+26
p11 -1.5180488791336894e+19 3.216286561690723e+20 2.039208115510033e+19
p12 -1.6275807114367162e+26 3.455929498042063e+27 2.2183028775787833e+26
p13 -3.609914203013677e+22 8.37829302579634e+23 5.37004142982144e+22
p14 -4.674930632353172e+22 9.9266081695481e+23 6.37128274142162e+22
p15 -3.273097343632536e+22 6.948342826664936e+23 4.464137844212627e+22
p16 4.412912377395165e+28 -9.370290352185389e+29 -6.014382819328147e+28
p17 5.226056663923569e+20 -1.1238656232079797e+22 -7.182600171371986e+20
p18 -1.5718853644386729e+21 3.337142230569969e+22 2.141403648303911e+21
p19 4.4449917540597646e+23 -9.43908425151272e+24 -6.063085324627623e+23
p20 2.36121800676285e+22 -5.7655701864782464e+23 -3.6923996670343755e+22
p21 -2.615676139068649e+21 5.553996611266472e+22 3.5660019441341316e+21
p22 3.830335922699887e+21 2.1320220690534126e+21 7.508090561062542e+21
p23 1.175358059487188e+22 -2.4958225391612912e+23 -1.602038346445018e+22
p24 2.2795201663071932e+21 -4.838670945321265e+22 -3.1093091161260315e+21
p25 -1.2773718440671956e+21 2.7123471837850986e+22 1.7410536592886868e+21
p26 -1.2417370938735589e+29 2.635725433446639e+30 1.6909138599655274e+29
p27 -1.8785428270158797e+20 4.126352964876255e+21 2.6207060098303073e+20
p28 2.20606897801515e+21 -4.68495921884535e+22 -3.0038825805850466e+21
p29 -4.2119628873885905e+21 -8.655353083239021e+21 -9.22156546798897e+21
30.0
Point = 7
p0 2.1353367114544784e+25 -4.587400928502157e+26 -2.9387800683865266e+25
p1 1.793355664458324e+27 -3.806641835703772e+28 -2.4421396786623832e+27
p2 -8.297633427552512e+27 1.7609968109798874e+29 1.1295055925383834e+28
p3 -1.9464526142786828e+33 4.1330056594772565e+34 2.65290503796635e+33
p4 3.2005484810770056e+30 -6.792164377172599e+31 -4.356220786526191e+30
p5 -3.6370820732104326e+25 7.723067891214015e+26 4.95734381661141e+25
p6 -2.6430493660967878e+32 5.612197707560082e+33 3.60222556071953e+32
p7 -8.664997494984083e+29 1.8388798544291036e+31 1.1793877746885743e+30
p8 -2.566618799288127e+29 5.447283791898893e+30 3.494059741400004e+29
p9 -4.385838475543537e+37 9.312682201724997e+38 5.977662688965338e+37
p10 4.38603308462332e+37 -9.31309542565467e+38 -5.977927930461847e+37
p11 6.673110438429884e+27 -1.4164477416494322e+29 -9.087078107688672e+27
p12 -2.874013737798208e+28 6.102645926849502e+29 3.9170643844949834e+28
p13 3.0218949747832357e+25 -6.28356623133175e+26 -4.0575802871933e+25
p14 -3.232266726448475e+29 6.863285557655445e+30 4.405201526681896e+29
p15 -4.362063849517862e+25 9.328394802072404e+26 6.0479618046147786e+25
p16 2.6533594581608196e+32 -5.634089955605326e+33 -3.6162772488392795e+32
p17 -7.029221860262536e+25 1.4846851956526335e+27 9.530998421592915e+25
p18 6.411131189161326e+27 -1.3607155279317853e+29 -8.728436976492562e+27
p19 8.65426015065411e+31 -1.8369632136319803e+33 -1.1784788117080206e+32
p20 -4.357951786991926e+29 9.253570109740888e+30 5.939448544858106e+29
p21 1.5083315237730582e+29 -3.202831724751387e+30 -2.0557296622779547e+29
p22 4.20531959441838e+25 -8.923396276207482e+26 -5.722154890144916e+25
p23 3.584295261250542e+26 -7.606599838052807e+27 -4.8771562418742505e+26
p24 -2.991591493020062e+25 6.347929067356364e+26 4.070606630249167e+25
p25 -1.5455710236530975e+30 3.281793979296347e+31 2.106528161220492e+30
p26 -8.681838778310816e+31 1.8428170848982794e+33 1.182234281744676e+32
p27 1.0485210397721027e+24 -2.1064003315382267e+25 -1.2381788043683826e+24
p28 -2.3526843251914753e+26 4.993983199608539e+27 3.203854996700713e+26
p29 -2.9491107260503742e+29 6.258554376639615e+30 4.013974216061038e+29
30.0
Point = 8
p0 -5.987393258718561e+34 1.2713348386351684e+36 8.160495571142172e+34
p1 8.220508738475762e+33 -1.7455035804471636e+35 -1.1204108278345043e+34
p2 -8.353559808302546e+38 1.7737780111941752e+40 1.1385109165679079e+39
p3 -9.409481967746217e+39 1.9979650078645806e+41 1.282459286238939e+40
p4 2.2118259365599584e+41 -4.6964866915981875e+42 -3.0146001609195536e+41
p5 -1.4709171794870246e+34 3.123281331607213e+35 2.0047900423869982e+34
p6 4.1595266633981435e+41 -8.832142391650813e+42 -5.669211824099335e+41
p7 -3.8969112037259643e+37 8.274517132445715e+38 5.311281030636064e+37
p8 -2.4405108219763076e+46 5.182065372928652e+47 3.3262853986062337e+46
p9 -6.379954685460499e+41 1.3546894345199573e+43 8.695536166332831e+41
p10 2.447515851620704e+46 -5.196939521899721e+47 -3.335832878409327e+46
p11 -1.2675876389541875e+37 2.6915356968928903e+38 1.7276540331186843e+37
p12 6.928127561237069e+34 -1.4710892237669747e+36 -9.442556136799924e+34
p13 6.87991746455983e+35 -1.4602074382305015e+37 -9.366450554499698e+35
p14 -3.746864957617146e+32 7.955900734932953e+33 5.1067515031970615e+32
p15 9.08421437596783e+37 -1.9288991602412487e+39 -1.2381297126579594e+38
p16 9.303410708354949e+38 -1.975464864564703e+40 -1.2679705029195773e+39
p17 1.9290225676320896e+34 -4.096021644370389e+35 -2.6290992910276485e+34
p18 -1.7567650476800705e+35 3.73013079634147e+36 2.3942111238314552e+35
p19 2.7435661179291416e+34 -5.824432520416659e+35 -3.7374894227867193e+34
p20 9.40895133204926e+39 -1.9978523352428012e+41 -1.2823869634781543e+40
p21 1.1008128979601433e+34 -2.337414144856545e+35 -1.5003486052005307e+34
p22 5.401243076910211e+38 -1.1468744357541885e+40 -7.361604718218402e+38
p23 1.5097904512297473e+35 -3.2053292387681434e+36 -2.0569633647112195e+35
p24 -2.3747501921457756e+34 5.0424322731510425e+35 3.236656951794562e+34
p25 -6.487168893454551e+38 1.377454818276262e+40 8.841663796021798e+38
p26 -7.004442348096658e+43 1.4872901933782953e+45 9.546679349607787e+43
p27 -1.0175141680324646e+36 2.160541509910931e+37 1.3868172559016977e+36
p28 -5.040780726180431e+39 1.0703355632975377e+41 6.870313860607022e+39
p29 3.284949397250064e+36 -6.975106469606639e+37 -4.4772100971063006e+36
30.0
Point = 9
p0 -2.688973828214209e+52 5.709639981267854e+53 3.664927154363226e+52
p1 2.424089174163984e+50 -5.1471964218351435e+51 -3.3039035731099837e+50
p2 5.445856802540071e+46 -1.15634750349062e+48 -7.422410833878465e+46
p3 8.335067178135345e+42 -1.7698287783594945e+44 -1.1360251992008992e+43
p4 -1.4906388181421442e+50 3.165152038443807e+51 2.03166078622088e+50
p5 1.2355493548534102e+54 -2.6235071224587907e+55 -1.683987521805425e+54
p6 6.26894845918246e+52 -1.3311188968835613e+54 -8.544240632530638e+52
p7 1.8626292099067002e+45 -3.9550188581738477e+46 -2.538663740826622e+45
p8 -2.064302517166686e+51 4.3832424331543444e+52 2.813533650138552e+51
p9 -7.610298381079025e+47 1.615934801781347e+49 1.0372428655963759e+48
p10 2.704160716045772e+52 -5.741887101356679e+53 -3.6856260682091577e+52
p11 1.1775867450141216e+47 -2.500432023249908e+48 -1.6049875399068929e+47
p12 -3.225427223391639e+45 6.845356015192014e+46 4.3905850048202444e+45
p13 3.2274119172323286e+45 -6.849570219660878e+46 -4.3932900350380794e+45
p14 1.8190941556337373e+51 -3.862578583599163e+52 -2.4793278005924553e+51
p15 4.439510913529489e+45 -9.426647720138807e+46 -6.050815342481713e+45
p16 -4.0420081817195325e+47 8.582609200874046e+48 5.509040433169595e+47
p17 -6.268707598141173e+52 1.3310677535880526e+54 8.543912351845433e+52
p18 -4.455760874630173e+45 9.461152120503938e+46 6.072963169167664e+45
p19 -2.0119634129961358e+43 4.272108052218769e+44 2.742198257381555e+43
p20 -3.7277300592437097e+46 7.915285884267185e+47 5.080696202797311e+46
p21 2.154110112582894e+45 -4.573935637753258e+46 -2.935936587922612e+45
p22 3.0711445143270165e+47 -6.521123159814417e+48 -4.185805308892437e+47
p23 7.055718623780949e+47 -1.498177956332875e+49 -9.616566181405468e+47
p24 4.8806621420868836e+45 -1.036336739014848e+47 -6.652080804911036e+45
p25 1.3928553107750278e+44 -2.9575231588023645e+45 -1.8983871083898442e+44
p26 -1.23555175940646e+54 2.623512228173125e+55 1.6839907990823022e+54
p27 -1.0468609351077409e+45 2.2228550485769077e+46 1.426815325741363e+45
p28 1.745373810346788e+43 -3.706044285519797e+44 -2.378850922682749e+43
p29 1.342238305602941e+43 -2.8500454015867994e+44 -1.8293988444520986e+43
30.0
Point = 10
p0 -1.0651761022957477e+54 2.261744609391852e+55 1.4517779163643721e+54
p1 7.495579163111034e+52 -1.5915758655149257e+54 -1.0216072516638084e+53
p2 7.163195581913225e+56 -1.5209991049644553e+58 -9.763051495117591e+56
p3 5.763999258697331e+53 -1.2239003688335204e+55 -7.856021934505999e+53
p4 -2.61606916685148e+59 5.554837664009252e+60 3.5655620035383788e+59
p5 2.616284938627405e+59 -5.5552958236019454e+60 -3.5658560888971333e+59
p6 6.050877182750884e+55 -1.2848146723884187e+57 -8.247021175225913e+55
p7 -1.7580610697456348e+52 3.732983810952938e+53 2.396142974126375e+52
p8 -3.598985889268805e+54 7.641916595638253e+55 4.905224802520852e+54
p9 -9.65540574421668e+53 2.0501832368299676e+55 1.3159800342999167e+54
p10 3.547751017834354e+56 -7.533126887514591e+57 -4.835394413138333e+56
p11 8.998512770035053e+54 -1.9107016859373026e+56 -1.2264490432493293e+55
p12 -2.443161806187242e+52 5.187025784311319e+53 3.3288055230516903e+52
p13 -3.6181374586073884e+55 7.682582133543518e+56 4.931327365730472e+55
p14 1.5690813499928285e+54 -3.331713202414277e+55 -2.13857374804301e+54
p15 -3.0045685678478146e+52 6.379758957744739e+53 4.095065891504088e+52
p16 -1.1394321579258107e+56 2.419416407879233e+57 1.5529849360963165e+56
p17 -4.0552986860922667e+62 8.61082962910253e+63 5.527154679347351e+62
p18 4.0552986227031837e+62 -8.610829494505146e+63 -5.52715459295143e+62
p19 -1.904846124650944e+55 4.044660262701255e+56 2.596203137243844e+55
p20 6.282991273834215e+54 -1.3341006738336124e+56 -8.563380101697315e+54
p21 8.072634896584163e+49 -1.7141051625453436e+51 -1.100256868900471e+50
p22 -2.5993353362360074e+53 5.519305841482102e+54 3.5427546975426356e+53
p23 -1.7093347758697748e+53 3.629520701660651e+54 2.3297316506398765e+53
p24 -8.692780417249607e+53 1.8457839218600103e+55 1.1847793611375576e+54
p25 -2.0562404667124326e+53 4.366123851525441e+54 2.802545500112387e+53
p26 -9.854055310902869e+56 2.0923635459647822e+58 1.3430549024787663e+57
p27 -2.56065213899303e+54 5.437174378924052e+55 3.490042378302272e+54
p28 -3.390745628336702e+52 7.199749038453347e+53 4.6214044477345255e+52
p29 3.694890959662033e+52 -7.84555689148481e+53 -5.035938270271834e+52
30.0
Point = 11
p0 2.0727648849041523e+61 -4.401211024555682e+62 -2.825067404301024e+61
p1 -2.741905766566524e+67 5.822033157737406e+68 3.737070549200687e+67
p2 -9.415597444145968e+59 1.999263475579935e+61 1.2832954492376499e+60
p3 -6.185667400036817e+64 1.3134353899255198e+66 8.430733006484349e+64
p4 -6.71768058178542e+60 1.4264005552788056e+62 9.155838447848013e+60
p5 8.086874822618142e+61 -1.717128790686513e+63 -1.102197677306349e+62
p6 -2.6798672487770887e+59 5.690303500282099e+60 3.6525153758222475e+59
p7 1.7520258298168534e+60 -3.720168868941776e+61 -2.3879172688713314e+60
p8 -2.2329745338870562e+61 4.741392622317854e+62 3.043424562878351e+61
p9 -5.387541228707222e+61 1.1439650495400857e+63 7.342929826076146e+61
p10 3.188238221759038e+61 -6.769754402174099e+62 -4.345397747844948e+61
p11 2.962992552625431e+64 -6.291478392137377e+65 -4.038399981757746e+64
p12 -3.543314371162606e+60 7.523706326881507e+61 4.8293475139271476e+60
p13 -4.3273549105084083e+61 9.188500962171223e+62 5.897952726600757e+61
p14 1.7319232649038142e+64 -3.677484030456887e+65 -2.3605185462461637e+64
p15 1.9770831766831247e+61 -4.198045005999479e+62 -2.694658366089148e+61
p16 -3.391201296651372e+61 7.200716608466965e+62 4.6220255427516935e+61
p17 -2.065839578923336e+63 4.386506157036501e+64 2.815628583558122e+63
p18 2.7440829221695395e+67 -5.826656027080643e+68 -3.740037895556738e+67
p19 -8.863209563777696e+61 1.8819720427119664e+63 1.2080079423613632e+62
p20 4.4555496571118005e+59 -9.460703630237808e+60 -6.072675292825739e+59
p21 -1.8241951978292595e+61 3.8734098952079308e+62 2.486280248185265e+61
p22 1.0246196316893223e+63 -2.17562891566243e+64 -1.3965016217583226e+63
p23 5.793006654629543e+59 -1.2300596627901282e+61 -7.895557471124279e+59
p24 -2.6296336560329704e+59 5.5836398603055105e+60 3.584049676929684e+59
p25 -5.7690450699571725e+63 1.224971773115815e+65 7.862899116028812e+63
p26 8.700193829365015e+61 -1.8473580523413035e+63 -1.1857897728184276e+62
p27 -3.411532558963317e+61 7.243887114632972e+62 4.649736068697862e+61
p28 9.839173390431682e+60 -2.0892036563357717e+62 -1.3410266883562256e+61
p29 -5.291943925596304e+59 1.1236663705297991e+61 7.212635841854488e+59
30.0
Point = 12
p0 2.9587456761793107e+68 -6.282460776760678e+69 -4.0326117198660724e+68
p1 -1.5613848245489886e+72 3.3153707656026995e+73 2.128083800304147e+72
p2 4.6486019832535726e+67 -9.870621818457782e+68 -6.335795262696916e+67
p3 -1.2847437672904567e+69 2.7279642143954508e+70 1.7510368701323235e+69
p4 -1.466745391163786e+65 3.1144178641738693e+66 1.999095326776461e+65
p5 3.97171366622813e+64 -8.43334914715966e+65 -5.413232779009867e+64
p6 -2.8950240168426235e+67 6.147157215983451e+68 3.945762514698778e+67
p7 6.783460806480431e+64 -1.4403680179176432e+66 -9.245493378624951e+64
p8 -3.631876098005082e+65 7.71175411128194e+66 4.950052394651535e+65
p9 1.48548104070687e+68 -3.1542002564130934e+69 -2.0246310107667102e+68
p10 -4.838150378460501e+64 1.0273099926491447e+66 6.594139565443841e+64
p11 4.732843978530183e+70 -1.004949728887929e+72 -6.450612580886438e+70
p12 2.0294251819288634e+66 -4.309185546731953e+67 -2.7659977124154468e+66
p13 6.243955892814506e+68 -1.325812093083888e+70 -8.510177096885174e+68
p14 5.58718736703647e+66 -1.1863569667465932e+68 -7.61503679476556e+66
p15 -3.535685462248697e+66 7.507507459789668e+67 4.818949714943918e+66
p16 3.7734147453907447e+65 -8.012290587616287e+66 -5.142961981748096e+65
p17 -1.3606890556623323e+66 2.88922285222849e+67 1.8545462278516727e+66
p18 9.217496028166325e+67 -1.95719955666083e+69 -1.2562952879073813e+68
p19 1.9061225707858287e+66 -4.0473706081039625e+67 -2.5979428648607093e+66
p20 -5.916816270621217e+66 1.2563488110176805e+68 8.064303323686623e+66
p21 -1.410159072859421e+66 2.994265149192907e+67 1.9219712083635157e+66
p22 7.657648994601482e+66 -1.6259890073392502e+68 -1.0436965004677095e+67
p23 3.058525452217241e+64 -6.494328438569975e+65 -4.1686062040512113e+64
p24 9.761045714310928e+65 -2.0726143278544882e+67 -1.3303781940800318e+66
p25 2.843806877290868e+67 -6.038405161721612e+68 -3.875956299565751e+67
p26 -4.749458422553179e+65 1.0084775616464056e+67 6.473257181852269e+65
p27 1.514128795351016e+72 -3.215029545933577e+73 -2.0636763662428134e+72
p28 -1.5515568893668756e+64 3.294502484277855e+65 2.1146886710082374e+64
p29 -3.380196194739038e+64 7.177348895013233e+65 4.607026178910259e+64
30.0
Point = 13
p0 6.42613872599583e+69 -1.3644959354837388e+71 -8.758482538738567e+69
p1 -9.4488523166159e+77 2.0063246578473686e+79 1.2878279095515236e+78
p2 -8.629974096745644e+70 1.832447924869206e+72 1.1762191970473873e+71
p3 5.1461740094612054e+72 -1.092714275024486e+74 -7.013959256828786e+72
p4 2.746856031774187e+76 -5.83254431699459e+77 -3.7438174952657823e+76
p5 6.803792317620761e+69 -1.4446851139615068e+71 -9.273204116336205e+69
p6 -1.88129379468597e+70 3.9946503580275903e+71 2.5641025742790985e+70
p7 -3.36491226357541e+73 7.144895714323291e+74 4.5861949948111425e+73
p8 2.282891368374241e+70 -4.847383671700222e+71 -3.1114585350851247e+70
p9 6.153687804378995e+71 -1.306644993014432e+73 -8.387146513450835e+71
p10 -3.110064699711464e+70 6.603764441949427e+71 4.238851435781581e+70
p11 9.200629688650771e+77 -1.9536182378030036e+79 -1.2539964962332225e+78
p12 -7.527618700718111e+72 1.598378988711573e+74 1.025974067726723e+73
p13 -1.2654926522947944e+70 2.6870873072921715e+71 1.7247986346335288e+70
p14 -3.489325953340381e+74 7.409069869309114e+75 4.755764190838371e+74
p15 1.2434686196747013e+71 -2.6403225167819457e+72 -1.6947810585327527e+71
p16 -1.584728074216361e+70 3.364936719047057e+71 2.159899398025182e+70
p17 1.789585426964676e+71 -3.799921141985439e+72 -2.439108983942023e+71
p18 2.5079106557747857e+76 -5.325178995067557e+77 -3.418147759134899e+76
p19 -1.3940410192163004e+70 2.96004083585863e+71 1.9000031659708896e+70
p20 1.4980912556190356e+71 -3.180976191762335e+72 -2.0418180593937436e+71
p21 -2.6490720932849312e+75 5.62491452079948e+76 3.61054322731467e+75
p22 7.39928394890243e+71 -1.5711289942641532e+73 -1.0084827300620846e+72
p23 -2.435969532405019e+76 5.172422612707029e+77 3.320095865184063e+76
p24 3.3641503106893125e+73 -7.143277819565017e+74 -4.5851564938805e+73
p25 9.767055038601184e+69 -2.073890320431368e+71 -1.3311972345010886e+70
p26 -3.7044658990346105e+74 7.865887864882467e+75 5.048988400916436e+74
p27 3.650701090146052e+72 -7.751726209969034e+73 -4.975709849177218e+72
p28 1.558499102593456e+70 -3.3092433599494504e+71 -2.124150716011559e+70
p29 -2.1027992701682821e+71 4.4649846182870825e+72 2.866002659155528e+71
30.0
Point = 14
p0 3.70885287426423e+77 -7.875202960764809e+78 -5.054967612837254e+77
p1 -1.1875095338877547e+81 2.5215016379059464e+82 1.6185118248804337e+81
p2 -6.087545494388662e+76 1.2926006484067122e+78 8.296998117481984e+76
p3 1.111119692873069e+81 -2.359299058691849e+82 -1.5143965673142331e+81
p4 1.2473121357054035e+79 -2.6484836571226237e+80 -1.7000195647996354e+79
p5 -2.0504420567355163e+75 4.3538117859590064e+76 2.7946425864571755e+75
p6 8.566363964082314e+74 -1.8189412500159157e+76 -1.1675494774874437e+75
p7 -2.285895755560548e+79 4.853763045536189e+80 3.115553353812673e+79
p8 1.292575234454381e+81 -2.7445931824590194e+82 -1.7617107415599968e+81
p9 6.401874822773607e+75 -1.3593438524675978e+77 -8.725412129199985e+75
p10 7.329048250902436e+75 -1.5562154778165378e+77 -9.98909980688005e+75
p11 1.0412550785993698e+80 -2.210951837640015e+81 -1.4191748439342194e+80
p12 1.8998860821710804e+76 -4.0341283433243344e+77 -2.5894428663931308e+76
p13 -1.7663824752059076e+75 3.7506530914925267e+76 2.407484606997988e+75
p14 -4.25845386643335e+77 9.042199741227451e+78 5.804044299298764e+77
p15 -3.059402915944136e+74 6.496191603877594e+75 4.169802140758364e+74
p16 4.171125023814809e+77 -8.856769802193042e+78 -5.685019767545143e+77
p17 8.920977961463184e+76 -1.894238311277404e+78 -1.2158814651014765e+77
p18 1.6245601559310014e+78 -3.4495142794131264e+79 -2.214188389761403e+78
p19 -1.443022571590351e+75 3.064045949909495e+76 1.966762395589869e+75
p20 -7.18844962522663e+79 1.5263614300979785e+81 9.79747142144259e+79
p21 -1.4498325141850543e+78 3.078505859641336e+79 1.9760439808809833e+78
p22 -1.933451785975878e+75 4.10540017239408e+76 2.6351911198350762e+75
p23 -1.7308371434198716e+79 3.675177813350057e+80 2.3590382254911538e+79
p24 7.486963315292082e+82 -1.5897464165935366e+84 -1.020432957481855e+83
p25 -9.48699736007334e+77 2.0144241961495e+79 1.2930268744521801e+78
p26 -7.605821033493282e+82 1.6149841029098265e+84 1.0366326272045546e+83
p27 -6.192780935716267e+75 1.314945844857731e+77 8.440428382699841e+75
p28 -1.0573989696469837e+80 2.2452310119165535e+81 1.4411780998283965e+80
p29 7.394847252831028e+79 -1.5701869271767823e+81 -1.0078780321637922e+80
30.0
Point = 15
p0 2.614744455064828e+81 -5.552024836692668e+82 -3.563756499195383e+81
p1 -1.938911318708475e+88 4.116992686258231e+89 2.6426321702448127e+88
p2 5.248280715005779e+82 -1.114395130427176e+84 -7.153125221325719e+82
p3 1.464738014625137e+90 -3.1101554955217678e+91 -1.9963593799292805e+90
p4 -2.6647003194786306e+81 5.658098758844923e+82 3.6318436638239398e+81
p5 -4.202420565177755e+81 8.923221275310281e+82 5.7276739111749195e+81
p6 2.5251221401168785e+84 -5.3617250476994966e+85 -3.4416060894100454e+84
p7 -5.514494748455749e+84 1.1709217604688563e+86 7.515960674919898e+84
p8 5.857751753893355e+84 -1.2438073312660514e+86 -7.98380157003531e+84
p9 -7.396888311155592e+86 1.5706203158575255e+88 1.0081562174688716e+87
p10 -5.79789391488636e+85 1.231097400534349e+87 7.902218544655826e+85
p11 -7.720518661477781e+84 1.639338455386055e+86 1.0522652990330103e+85
p12 1.4467338106314638e+84 -3.0719262194323197e+85 -1.9718206152533607e+84
p13 7.39331022084994e+87 -1.569860561067461e+89 -1.0076685429446036e+88
p14 1.398454745517483e+80 -2.969412733177677e+81 -1.9060188371494886e+80
p15 1.0328873536535466e+82 -2.1931842058380258e+83 -1.4077700834750269e+82
p16 1.1995707889485624e+88 -2.5471119370430574e+89 -1.634950668849059e+88
p17 -4.2806337791287014e+82 9.0892955192398e+83 5.8342743295479445e+82
p18 -1.848544264265754e+83 3.9251115522436306e+84 2.5194667198768887e+83
p19 -5.85051107560803e+84 1.2422698798417817e+86 7.973932913595873e+84
p20 3.704497810242907e+84 -7.865955623060713e+85 -5.049031893245663e+84
p21 -5.8075910321771736e+82 1.2331564406568413e+84 7.91543519647713e+82
p22 -6.429410025945122e+84 1.3651905478337323e+86 8.762941144641446e+84
p23 -1.3808551829738257e+86 2.932042654161594e+87 1.8820315781215462e+86
p24 6.45840633617237e+87 -1.3713474872879344e+89 -8.802461559804886e+87
p25 -3.6975799884080565e+82 7.851266646709233e+83 5.0396032724878675e+82
p26 -6.459117075756224e+87 1.3714984023731293e+89 8.80343025975043e+87
p27 1.3770458382451682e+86 -2.92395407154544e+87 -1.876839645499619e+86
p28 -1.4639323605688448e+90 3.108444807763434e+91 1.9952613166467027e+90
p29 5.445307099478036e+84 -1.1562307820283213e+86 -7.421661619771958e+84
30.0
Point = 16
p0 6.778006290526163e+90 -1.439209831632903e+92 -9.238059162696498e+90
p1 -1.131120383123309e+90 2.401767579373518e+91 1.541656435727772e+90
p2 4.546535800483276e+89 -9.653899308072715e+90 -6.196684527604829e+89
p3 4.698598380505535e+94 -9.976781805665706e+95 -6.403937670617061e+94
p4 1.5478571615625804e+91 -3.2866467649837774e+92 -2.109646320654006e+91
p5 -9.80951400450967e+87 2.0829058565358644e+89 1.3369841637161311e+88
p6 1.1803532180439987e+93 -2.5063062549582887e+94 -1.6087581500801881e+93
p7 -1.8337234209588142e+89 3.893641673951177e+90 2.4992667053256737e+89
p8 -3.5465711711877084e+93 7.530621659431344e+94 4.833786351888573e+93
p9 -1.1798334645361362e+93 2.5052026349165397e+94 1.6080497539162303e+93
p10 1.720009918738718e+89 -3.6521877957571626e+90 -2.3442812983365467e+89
p11 -1.6203257272856146e+88 3.440523093458026e+89 2.2084170901455457e+88
p12 -3.686093295040446e+92 7.826876345194024e+93 5.023947526023378e+92
p13 1.881611449354587e+93 -3.995324850923359e+94 -2.564535520519572e+93
p14 -1.0985641055222453e+91 2.3326391176155382e+92 1.497283974755362e+91
p15 -1.9921315218659068e+90 4.229997951143101e+91 2.71516845367944e+90
p16 1.4878192850961276e+90 -3.1591651748646592e+91 -2.0278179142946448e+90
p17 -1.8796748054509727e+93 3.9912126727591454e+94 2.5618959787144704e+93
p18 6.301607129781121e+91 -1.3380534846242296e+93 -8.588752648292895e+91
p19 -6.738794966824228e+90 1.4308838844209263e+92 9.184616230869198e+90
p20 -1.5837813367596222e+89 3.3629264614488778e+90 2.1586090456010634e+89
p21 1.4701706090766512e+90 -3.1216908099327942e+91 -2.0037637149436276e+90
p22 -4.305255460793953e+94 9.141576034291874e+95 5.8678323606883394e+94
p23 -8.391928629979696e+91 1.7819024758132624e+93 1.14377487778173e+92
p24 8.401139868470704e+91 -1.7838583466738613e+93 -1.1450303202005702e+92
p25 -3.04098543774968e+90 6.4570848006755946e+91 4.1447001051224055e+90
p26 -2.444087014044789e+90 5.189658889444896e+91 3.3311595570119463e+90
p27 2.5399758828231995e+89 -5.393264783168396e+90 -3.461850944325184e+89
p28 -8.326387699251188e+91 1.7679858242293104e+93 1.1348420003000249e+92
p29 5.590313957746593e+88 -1.1870208531239033e+90 -7.61929819163855e+88
30.0
Point = 17
p0 -6.368211700696109e+93 1.3521959845778013e+95 8.679531108236626e+93
p1 7.263400979347983e+94 -1.5422762463878914e+96 -9.899626096494856e+94
p2 1.4974097054007705e+92 -3.1795290200358627e+93 -2.0408891426467358e+92
p3 3.036470902836357e+99 -6.447498850410713e+100 -4.138547035874587e+99
p4 -2.492134126830089e+93 5.2916798588734604e+94 3.396645195996844e+93
p5 3.011365388742534e+94 -6.394190987948354e+95 -4.104329566232184e+94
p6 2.3002404638401244e+94 -4.8842219212312595e+95 -3.1351044218547865e+94
p7 1.9141523804902698e+92 -4.0644207264400417e+93 -2.608887064614004e+92
p8 -1.0682331377151551e+98 2.268235773626431e+99 1.4559444918720014e+98
p9 -2.3049986964991668e+95 4.894325327739792e+96 3.141589638004716e+95
p10 6.210833862797574e+99 -1.3187791180534458e+101 -8.465033553368825e+99
p11 -9.642244145365521e+92 2.0473885650620845e+94 1.3141861789452064e+93
p12 -4.0950685073834693e+93 8.695274988386375e+94 5.581358813037464e+93
p13 4.699420219400435e+96 -9.978526861068044e+97 -6.405057795494796e+96
p14 -2.162930285809809e+96 4.592663976542826e+97 2.9479580109856112e+96
p15 -1.4665945147421283e+97 3.1140975003032586e+98 1.998889690294702e+97
p16 1.7034879903439693e+95 -3.6171059137494795e+96 -2.321762795995826e+95
p17 -6.21082159911906e+99 1.3187765140418922e+101 8.4650168386325415e+99
p18 8.705924851383493e+97 -1.8485749499072954e+99 -1.186570879193478e+98
p19 -2.663036405206358e+99 5.654565681868257e+100 3.6295758378248624e+99
p20 -8.61136082381481e+92 1.828495671160384e+94 1.173682309385009e+93
p21 4.163154268577046e+92 -8.839845075705033e+93 -5.67415605321133e+92
p22 -8.679171387795596e+96 1.8428942458516494e+98 1.1829245255490258e+97
p23 -8.644484396209522e+92 1.8355289739674548e+94 1.1781968746202508e+93
p24 5.687055785390578e+96 -1.2075625557378862e+98 -7.751152115930988e+96
p25 -2.756494688821316e+98 5.853010585656356e+99 3.756954467493662e+98
p26 -7.732420651407884e+90 1.6418656679269305e+92 1.0538874768379405e+91
p27 1.4242412484195603e+94 -3.024166575518626e+95 -1.9411644588825658e+94
p28 3.1611276011243164e+95 -6.712188994124592e+96 -4.308447432404109e+95
p29 -6.329271503871093e+97 1.343927607112177e+99 8.626457706913484e+97
30.0
Point = 18
p0 -3.3433546911668472e+99 7.099121387217118e+100 4.556813185455273e+99
p1 1.567348768445549e+99 -3.328034322333549e+100 -2.1362123361270713e+99
p2 -5.78365775643816e+98 1.2280745618533585e+100 7.882815423024898e+98
p3 4.053671824238652e+110 -8.607375227046445e+111 -5.52493735307673e+110
p4 -2.0563232403756377e+101 4.366299613356329e+102 2.802658324289893e+101
p5 1.1999024919252537e+99 -2.547816259275141e+100 -1.6354027618951184e+99
p6 1.6213324206003717e+99 -3.4426606585341647e+100 -2.209789159255576e+99
p7 1.485973898636771e+104 -3.155246768296566e+105 -2.025302751245152e+104
p8 1.1291335574567463e+103 -2.397548847532987e+104 -1.5389484987175432e+103
p9 2.2685914118084954e+101 -4.817019818971982e+102 -3.09196846000822e+101
p10 5.59953117865598e+105 -1.188977994329163e+107 -7.631860770641684e+105
p11 4.916744681211526e+99 -1.0439983353796241e+101 -6.701259382269288e+99
p12 -3.814350233659997e+98 8.099211069124321e+99 5.1987548570887176e+98
p13 1.0314163345696135e+101 -2.1900607136411005e+102 -1.4057651637076674e+101
p14 6.087110298979739e+101 -1.2925082410806198e+103 -8.296404969654879e+101
p15 -5.64194208762907e+101 1.1979833263775806e+103 7.689664565927237e+101
p16 1.6006868875836905e+99 -3.3988229094605046e+100 -2.181650405176397e+99
p17 -5.725836628344539e+105 1.215797096759716e+107 7.804008326542268e+105
p18 4.9063521451420955e+104 -1.0417916333841845e+106 -6.687094913012241e+104
p19 -1.4862176379951212e+104 3.155764312934091e+105 2.0256349549221515e+104
p20 4.65678909214389e+99 -9.888005938130404e+100 -6.346953852246138e+99
p21 4.762155224410859e+100 -1.0111735405520891e+102 -6.490562241813912e+100
p22 -3.641538544776681e+104 7.732270893570028e+105 4.963221790279957e+104
p23 -2.437024777253494e+99 5.174663269641983e+100 3.321534107121096e+99
p24 -1.744844919352516e+98 3.704921262749631e+99 2.378130072726837e+98
p25 -1.1686931921138694e+103 2.4815479066828576e+104 1.5928661597091793e+103
p26 1.5342097783071943e+99 -3.2576685562400807e+100 -2.0910456691015633e+99
p27 -1.1473689782848954e+98 2.436269078737099e+99 1.5638023999034646e+98
p28 -5.255355265165337e+98 1.1158973069358972e+100 7.162767453093163e+98
p29 -4.053671824058543e+110 8.607375226664009e+111 5.524937352831248e+110
30.0
Point = 19
p0 -3.476591842147207e+117 7.382030858472352e+118 4.738408278447286e+117
p1 -2.337810560659493e+112 4.963996489559895e+113 3.186310449152231e+112
p2 1.0400555914546435e+115 -2.2084049032062925e+116 -1.4175400070979623e+115
p3 6.033159820226065e+117 -1.281052651251044e+119 -8.222873358552927e+117
p4 -8.84294148846284e+110 1.8776684152598337e+112 1.205245512193293e+111
p5 1.3350287399542957e+109 -2.8347369500824977e+110 -1.8195725930995348e+109
p6 -1.8555457478730887e+109 3.939978171739124e+110 2.5290093666356875e+109
p7 -2.731636334997182e+111 5.800227531915001e+112 3.723073864515194e+111
p8 2.3371306019555533e+112 -4.9625526973740756e+113 -3.185383701895709e+112
p9 -2.5565098348604824e+117 5.428372195475295e+118 3.4843858340164297e+117
p10 2.744108176407759e+111 -5.826709650707121e+112 -3.74007231566264e+111
p11 2.366196522940174e+110 -5.024269900709949e+111 -3.224998993786841e+110
p12 1.0235904573678487e+111 -2.173443615417581e+112 -1.3950989121393575e+111
p13 1.8956732841315475e+109 -4.025183086317613e+110 -2.5837010470612433e+109
p14 -1.623556764370151e+107 3.447383724989759e+108 2.212820820533845e+107
p15 -1.6508493312946232e+111 3.5053354721039426e+112 2.250019125927962e+111
p16 1.2676662532987441e+110 -2.691702628605293e+111 -1.727761135523219e+110
p17 -1.4332210512223385e+108 3.04323386463711e+109 1.9534034488328054e+108
p18 -1.3375447735058752e+112 2.840079376850442e+113 1.8230018119296288e+112
p19 -5.185216333581497e+110 1.1010043375903709e+112 7.067171849948424e+110
p20 -1.0647096651082601e+111 2.2607541983670526e+112 1.4511421876247406e+111
p21 2.313291972606474e+110 -4.911934878122022e+111 -3.1528929282346385e+110
p22 -9.587160492251331e+109 2.035692362299734e+111 1.3066785721739883e+110
p23 -8.879340449751832e+109 1.885397198725279e+111 1.2102064954590412e+110
p24 -3.943245056954993e+112 8.372900246749116e+113 5.3744315899567515e+112
p25 -1.579142099579165e+110 3.353075724243331e+111 2.152286013784449e+110
p26 -5.600080128125513e+107 1.1890945556219088e+109 7.63260895860561e+107
p27 -7.438040270630047e+107 1.579358328426576e+109 1.0137650087796818e+108
p28 2.3207897651383543e+108 -4.9278553365355976e+109 -3.163112017452306e+108
p29 -1.040306743177041e+115 2.208938186907421e+116 1.417882313429733e+115
30.0
Point = 20
p0 -4.251112932991758e+121 9.026612348838184e+122 5.794038998222312e+121
p1 2.079877921011204e+116 -4.416314509119128e+117 -2.8347620907354555e+116
p2 1.0651789216443923e+119 -2.261750595524828e+120 -1.4517817591236317e+119
p3 4.657749116538288e+118 -9.890044408569976e+119 -6.348262314020883e+118
p4 4.2386128112531915e+116 -9.000070180933845e+117 -5.777002002504221e+116
p5 4.363831008346251e+117 -9.265952584435224e+118 -5.947667691391009e+117
p6 -3.1997664451633094e+117 6.7942328897347105e+118 4.3611101047442685e+117
p7 -1.404158529398551e+114 2.9815238793157915e+115 1.913792790474917e+114
p8 1.9121186911694433e+116 -4.060102486622849e+117 -2.6061152551100768e+116
p9 -1.0640706388791405e+118 2.2593973202643222e+119 1.4502712291367459e+118
p10 -1.0942970420490526e+116 2.3235786366430397e+117 1.4914681960256948e+116
p11 5.822196561350243e+116 -1.2362577096031523e+118 -7.935341747799329e+116
p12 1.4042320947478942e+115 -2.9816800840213254e+116 -1.913893055302235e+115
p13 -8.310643241110516e+117 1.7646427203758822e+119 1.1326961150716697e+118
p14 -2.2429182763216686e+116 4.7625066963892084e+117 3.0569773533839232e+116
p15 -1.0269156758111224e+119 2.1805042271527326e+120 1.3996310065910442e+119
p16 1.9180698346863395e+113 -4.072738863591911e+114 -2.614226344644611e+113
p17 -3.4648129280362124e+116 7.357020068769453e+117 4.7223542500571245e+116
p18 9.680203891335677e+115 -2.0554487580575284e+117 -1.319359888603813e+116
p19 8.740000716071578e+115 -1.855810458016341e+117 -1.1912152368479044e+116
p20 -5.907015420713004e+117 1.2542677454550927e+119 8.05094530542742e+117
p21 1.447993362560897e+118 -3.0746006924660667e+119 -1.973537316953974e+118
p22 -8.246419268243409e+114 1.7510057054174083e+116 1.1239427319158155e+115
p23 -4.447484161911825e+118 9.44357773834136e+119 6.06168245451879e+118
p24 4.239252541680465e+121 -9.001428554297765e+122 -5.777873920776711e+121
p25 1.7848747322104994e+119 -3.789918676087018e+120 -2.432688561414248e+119
p26 4.452503321392531e+118 -9.454235184441603e+119 -6.068523299781673e+118
p27 6.275824211652266e+114 -1.3325788616057865e+116 -8.553611913271528e+114
p28 -8.15766041840834e+116 1.7321590706038626e+118 1.1118453765763528e+117
p29 -1.0122757374221806e+119 2.14941847367338e+120 1.379677555507961e+119
30.0
Point = 21
p0 -2.9369877272070896e+125 6.236260975578536e+126 4.002956801423365e+125
p1 -1.117083305255868e+121 2.3719619113499417e+122 1.522524651058976e+121
p2 4.4456731095522716e+122 -9.439732235328072e+123 -6.059214087254655e+122
p3 -1.966227311836142e+121 4.174994175267053e+122 2.6798624039683986e+121
p4 -1.9669391747726108e+121 4.176505711392827e+122 2.6808326349832486e+121
p5 -1.7761174530889422e+121 3.771323883357007e+122 2.420752859505504e+121
p6 -1.9788209201342213e+126 4.2017348481147813e+127 2.6970268168545217e+126
p7 1.0998263703794166e+123 -2.3353193511380994e+124 -1.4990043740166123e+123
p8 3.255409279732666e+120 -6.912382255692627e+121 -4.4369483048929964e+120
p9 -1.987016928747993e+121 4.219137865567007e+122 2.7081975371544723e+121
p10 -1.9682505083338788e+123 4.179290135120075e+124 2.6826199123183457e+123
p11 1.9788362200037498e+126 -4.2017673351348607e+127 -2.6970476697563634e+126
p12 -1.6434884210340333e+120 3.489705663038654e+121 2.2399865999081353e+120
p13 -4.671157276014489e+120 9.91851466090414e+121 6.366536916489516e+120
p14 1.1276941266123001e+123 -2.394492428086854e+124 -1.536986631653565e+123
p15 -1.2090696553205328e+123 2.5672813809820745e+124 1.6478971142185725e+123
p16 -1.9629737525966482e+120 4.168085721299471e+121 2.6754279771692926e+120
p17 -2.0020789135700917e+125 4.2511197725020216e+126 2.7287262148973265e+125
p18 2.9349649728692275e+125 -6.231965954586947e+126 -4.000199895713701e+125
p19 -1.4457821972251295e+119 3.069905608463409e+120 1.9705236171560765e+119
p20 -1.2579281141199337e+127 2.6710251239725716e+128 1.7144885739466341e+127
p21 8.331956918400445e+121 -1.769168365910524e+123 -1.1356010550099865e+122
p22 -4.868585332596614e+122 1.0337724067966474e+124 6.635620771617816e+122
p23 -6.157794891221993e+122 1.3075170733608285e+124 8.392744277834558e+122
p24 2.0043289635146318e+125 -4.2558974222457544e+126 -2.7317929123321166e+125
p25 1.2579287796006048e+127 -2.6710265370227858e+128 -1.7144894809611083e+127
p26 1.6041549622152484e+123 -3.4061868549777443e+124 -2.1863772044574285e+123
p27 -1.5732195339447837e+121 3.340500028199785e+122 2.1442138743715376e+121
p28 3.835836678747905e+120 -8.144834371206684e+121 -5.228039729313024e+120
p29 -1.9091401426839942e+121 4.053777977496844e+122 2.6020556532235036e+121
30.0
Point = 22
p0 -2.56008474106512e+127 5.435962982406002e+128 3.4892582394996856e+127
p1 1.5528651955929147e+127 -3.2972805878282873e+128 -2.1164720025244343e+127
p2 7.372826453508159e+127 -1.5655111346157844e+129 -1.004876715159104e+128
p3 -1.345250208303327e+128 2.856440733039329e+129 1.8335039064207504e+128
p4 8.960324252848367e+129 -1.9025929168490543e+131 -1.2212441536147077e+130
p5 -9.47659798617231e+128 2.012216042135519e+130 1.291609495391964e+129
p6 6.897293737159338e+128 -1.4645387643840179e+130 -9.400641555568174e+128
p7 3.112045030619695e+127 -6.6079693826816715e+128 -4.241550520029056e+127
p8 -1.672911955170688e+129 3.5521822052456014e+130 2.2800892993519767e+129
p9 -1.9585315096767557e+126 4.158653272566712e+127 2.6693734382464875e+126
p10 2.1134274540435835e+131 -4.4875520024394604e+132 -2.880488305452872e+131
p11 2.6814987793415626e+129 -5.693767814811897e+130 -3.6547390638847275e+129
p12 3.694979821224639e+132 -7.845745575030312e+133 -5.0360593847487807e+132
p13 4.762355405804127e+128 -1.0112160460845395e+130 -6.490835077675756e+128
p14 1.2188788937726542e+129 -2.588109854452503e+130 -1.6612665802925908e+129
p15 -8.524453863013178e+130 1.8100422576359062e+132 1.1618373564610472e+131
p16 -2.6424357540169134e+125 5.610823232455125e+126 3.601498254786699e+125
p17 -3.954648504897453e+132 8.397113789329448e+133 5.389973878090313e+132
p18 4.593078741195134e+128 -9.752726389058858e+129 -6.260120059822e+128
p19 -1.3329437361498563e+128 2.830309751514694e+129 1.816730844704519e+128
p20 -1.015009566872392e+130 2.155223357962244e+131 1.3834036184704598e+130
p21 -6.181039603860367e+128 1.3124527458177493e+130 8.424425574862272e+128
p22 4.830583428370215e+130 -1.0257032620381807e+132 -6.583826214292669e+130
p23 -1.0608882518504218e+128 2.252639990006336e+129 1.4459338062447904e+128
p24 3.016168705074504e+127 -6.40439012290469e+128 -4.110876228856298e+127
p25 8.539002193243282e+130 -1.8131313813402154e+132 -1.163820215868475e+131
p26 -4.259509581808382e+125 9.044441396217465e+126 5.805483180361138e+125
p27 -9.631714398084409e+128 2.0451527281597115e+130 1.312751030656956e+129
p28 -1.221834147346932e+124 2.5943849002646325e+125 1.66529443246404e+124
p29 -7.780251639193153e+126 1.6520218735752874e+128 1.0604065835001799e+127
30.0
Point = 23
p0 -7.166725922582238e+129 1.521748721645764e+131 9.767863178311207e+129
p1 -5.993451726117932e+130 1.2726212221576512e+132 8.168753355289316e+130
p2 2.0266795001899904e+134 -4.3033554958224974e+135 -2.7622554954649277e+134
p3 -2.0286204482422214e+134 4.30747681321229e+135 2.764900903593435e+134
p4 6.422741259643723e+133 -1.3637745334347454e+135 -8.75385197251812e+133
p5 -4.3994368280193165e+131 9.34155629965468e+132 5.9961965145490035e+131
p6 -1.03129173179797e+134 2.1897961376789238e+135 1.405595336272675e+134
p7 -1.1335986971744112e+133 2.4070299142441626e+134 1.5450342447478018e+133
p8 -4.694127614453381e+129 9.96728879226163e+130 6.397844256194429e+129
p9 -2.949057059343433e+137 6.261888425194997e+138 4.019406654010849e+137
p10 1.0999175562036524e+137 -2.3355129708456195e+138 -1.4991286554667767e+137
p11 1.6792688736138925e+131 -3.565680185521462e+132 -2.2887534383548695e+131
p12 2.9488143019908248e+137 -6.261372965702066e+138 -4.0190757887550234e+137
p13 5.357613813281939e+134 -1.1376104039005388e+136 -7.302140371444946e+134
p14 1.4341285632203242e+136 -3.0451608326188936e+137 -1.9546403388336412e+136
p15 -6.490637533233238e+133 1.378191307378034e+135 8.846390953065731e+133
p16 2.5415062934443316e+130 -5.396514384507189e+131 -3.4639368115023595e+130
p17 -1.0942231199309867e+137 2.3234216739102673e+138 1.491367444142406e+137
p18 -5.356971945020618e+134 1.1374741126265765e+136 7.301265539419443e+134
p19 9.957061936619482e+131 -2.1142354873170418e+133 -1.3570941557623465e+132
p20 1.5142828548241662e+131 -3.215356668346651e+132 -2.063886340703723e+131
p21 -5.870766297601539e+131 1.2465707779204685e+133 8.001539694174583e+131
p22 2.0462886457924958e+134 -4.344992629118477e+135 -2.788981709549601e+134
p23 7.011646830727646e+128 -1.4888199599861585e+130 -9.556498690897429e+128
p24 -1.434185536450278e+136 3.0452818068835532e+137 1.9547179902913678e+136
p25 4.4823168509406377e+133 -9.517539824478851e+134 -6.109157542060852e+133
p26 2.7234990711308762e+131 -5.78294925000218e+132 -3.7119832096883706e+131
p27 -1.9240192951156236e+134 4.0853716667726086e+135 2.62233514022156e+134
p28 -4.868427396463641e+134 1.0337388714209917e+136 6.635405513744546e+134
p29 -4.620458815050919e+130 9.810863944253084e+131 6.297437632465963e+130
30.0
Point = 24
p0 1.3689270083475186e+138 -2.906714931591251e+139 -1.8657741154157886e+138
p1 6.29772721935052e+135 -1.3372296427749106e+137 -8.583464538403452e+135
p2 -4.4012926146480226e+139 9.345496789301394e+140 5.998725852223295e+139
p3 -1.5118341771154806e+137 3.210157261793136e+138 2.0605489242761103e+137
p4 4.990705178302127e+139 -1.0597027578885772e+141 -6.802063574293954e+139
p5 -1.4355311614396482e+136 3.048139043408924e+137 1.9565520050043428e+136
p6 1.4198219547385123e+137 -3.01478285611545e+138 -1.935141198542023e+137
p7 -2.874841846571489e+139 6.104303348854188e+140 3.918255298156513e+139
p8 -8.204010140837196e+137 1.7420007516751226e+139 1.1181625952328986e+138
p9 -5.825405750230648e+138 1.2369391336075063e+140 7.939715700178106e+138
p10 2.5354505133380913e+138 -5.383655827148104e+139 -3.455683107906792e+138
p11 2.865175834277855e+139 -6.083778995041661e+140 -3.905081041657238e+139
p12 7.1020578041050645e+143 -1.508017398906905e+145 -9.679724000099531e+143
p13 4.754087147159155e+139 -1.0094604031090546e+141 -6.479565884457085e+139
p14 1.8468656588966118e+139 -3.921547280916148e+140 -2.517178870756019e+139
p15 -1.4204256094054964e+138 3.016064627914349e+139 1.9359639474873256e+138
p16 -1.9183326131514464e+139 4.073296834969178e+140 2.6145844976033104e+139
p17 -4.789218742674201e+139 1.0169200801138549e+141 6.527448365513798e+139
p18 -4.995898906137097e+139 1.0608055695181584e+141 6.809142346863941e+139
p19 -3.375561873593767e+139 7.167508596626573e+140 4.600709848173905e+139
p20 -7.101217328243477e+143 1.5078389362334653e+145 9.67857847656349e+143
p21 -1.790523638853183e+136 3.801913297557014e+137 2.4403877182942225e+136
p22 1.5281772230726723e+135 -3.244859313416079e+136 -2.0828236196605106e+135
p23 2.0226428440203507e+136 -4.294784250832353e+137 -2.7567537495368345e+136
p24 1.406888587238321e+138 -2.987320754630623e+139 -1.9175137120800935e+138
p25 8.913795264699777e+135 -1.892713171341904e+137 -1.214902502001819e+136
p26 -1.9365528950117124e+136 4.111984920614352e+137 2.6394177648726636e+136
p27 3.555080442348739e+135 -7.548689843775565e+136 -4.8453840322442704e+135
p28 -2.3428833444060862e+138 4.974767798892607e+139 3.1932243814141776e+138
p29 5.369732208818809e+136 -1.1401835667528713e+138 -7.318657094816593e+136
30.0
Point = 25
p0 1.5548348302008585e+144 -3.3014628168952467e+145 -2.119156508890516e+144
p1 1.0964561382097981e+142 -2.328163159419686e+143 -1.4944109283299803e+142
p2 -2.6704098347909676e+151 5.670222073874465e+152 3.6396254270117395e+151
p3 2.6604643347643103e+145 -5.649104269014644e+146 -3.62607024371749e+145
p4 2.2695279262246305e+144 -4.81900836976237e+145 -3.093244879487562e+144
p5 -8.461514428387446e+142 1.796677995458527e+144 1.15325904898026e+143
p6 -5.519650232943727e+142 1.172016451675243e+144 7.522987323631464e+142
p7 -6.014901968677556e+145 1.2771758653164224e+147 8.197988885812887e+145
p8 8.842385036237084e+146 -1.8775502608232962e+148 -1.2051696707384176e+147
p9 -6.581532120533084e+145 1.397491434594036e+147 8.970275402113248e+145
p10 2.3171410472249464e+147 -4.9201078213089936e+148 -3.1581390105660335e+147
p11 -5.129901653399674e+146 1.0892590797467923e+148 6.991780906635447e+146
p12 2.6704743104116564e+151 -5.67035897836114e+152 -3.639713303825784e+151
p13 5.211767166120646e+142 -1.1066420159265432e+144 -7.103359211138648e+142
p14 4.998615538624563e+143 -1.0613824064252465e+145 -6.812844971288097e+143
p15 -3.804280440876186e+141 8.077829346652751e+142 5.1850302690262926e+141
p16 -9.10719311009149e+146 1.933778356082201e+148 1.2412615913987511e+147
p17 -1.2683884185695911e+141 2.6932360402211433e+142 1.7287454080674732e+141
p18 3.1074717869941355e+144 -6.598258773240136e+145 -4.2353174341685925e+144
p19 -2.185308050037931e+146 4.640179863818761e+147 2.978457703813125e+146
p20 -1.0288930137046685e+150 2.184702813012258e+151 1.4023260121221729e+150
p21 2.6300896377438747e+146 -5.584608072480065e+147 -3.5846711602610634e+146
p22 3.874505967253113e+140 -8.226942911403943e+141 -5.280743896236815e+140
p23 4.923161204973067e+143 -1.0453607897180995e+145 -6.710004760112161e+143
p24 1.3873579512121205e+141 -2.945850324859903e+142 -1.8908945023391564e+141
p25 -5.330400932834036e+140 1.1318321494394297e+142 7.265050674451426e+140
p26 3.255418953451568e+141 -6.91240279641019e+142 -4.436961489653043e+141
p27 1.0265172907736571e+150 -2.1796583151867455e+151 -1.399088029144957e+150
p28 -1.1468979066682699e+142 2.4352688273333518e+143 1.5631603542319713e+142
p29 3.42950063390851e+143 -7.282039611824846e+144 -4.67422548647981e+143
30.0
Point = 26
p0 -9.558092196960034e+149 2.0295201378170614e+151 1.3027167193795664e+150
p1 -2.9413447121998245e+150 6.245512391656869e+151 4.008895138362533e+150
p2 -7.205752827897747e+152 1.5300355103293506e+154 9.821054757773276e+152
p3 1.570962138498481e+154 -3.3357067813646596e+155 -2.141137165411681e+154
p4 1.1337682985159239e+148 -2.4073900377195475e+149 -1.545265402282868e+148
p5 5.479404171397677e+150 -1.163470793117826e+152 -7.468134099593838e+150
p6 3.870018164751098e+153 -8.217413723607153e+154 -5.274627262046451e+153
p7 -1.6906459339813595e+150 3.589837697971776e+151 2.3042597616385062e+150
p8 3.1645946622209534e+151 -6.719550787602293e+152 -4.313172850378826e+151
p9 -5.403659103034322e+149 1.1473874431756026e+151 7.364897632593785e+149
p10 5.911325319675579e+148 -1.2551828890377582e+150 -8.056819466632131e+148
p11 -1.1552935896208463e+155 2.4530958238425476e+156 1.5746032199498842e+155
p12 6.399420852953099e+155 -1.3588227884603923e+157 -8.722067508555455e+155
p13 -3.8745346168593607e+148 8.22700374462426e+149 5.280782944114051e+148
p14 -1.7502832864078443e+149 3.716468834417753e+150 2.385542275454625e+149
p15 -1.3733813797226417e+151 2.916173133312721e+152 1.8718451847726459e+151
p16 8.643441084158348e+151 -1.8353074419928686e+153 -1.1780546767362836e+152
p17 1.7336469409552832e+152 -3.6811440045041105e+153 -2.362867828584028e+152
p18 -5.272355789078459e+148 1.1195071178612778e+150 7.185938255685238e+148
p19 -3.869149284022965e+153 8.215568783321195e+154 5.273443024200274e+153
p20 -1.5732636302501007e+154 3.340593660211065e+155 2.1442739752713955e+154
p21 1.1546270829230905e+155 -2.4516805950110903e+156 -1.5736948070565428e+155
p22 1.7005076637988342e+150 -3.6107776291273297e+151 -2.317700770629104e+150
p23 2.8148946499658387e+152 -5.977014303917446e+153 -3.8365504833369295e+152
p24 -1.392863166429619e+148 2.95753983874694e+149 1.8983978155106465e+148
p25 -1.2267629267023634e+151 2.604850437477165e+152 1.6720120944621824e+151
p26 -1.6982034106226798e+151 3.6058848868025373e+152 2.3145601970958043e+151
p27 -6.396622049420701e+155 1.3582285037418793e+157 8.718252889402616e+155
p28 -1.308892252303553e+150 2.779239967080114e+151 1.7839499617764002e+150
p29 7.717849732877569e+147 -1.6387717476195592e+149 -1.0519015382459364e+148
30.0
Point = 27
p0 2.8222816860985366e+159 -5.99269958742502e+160 -3.8466186175193814e+159
p1 -4.330844078563214e+161 9.195909696273224e+162 5.902708274737818e+161
p2 -1.2744144321828295e+159 2.7060313928153738e+160 1.736958541529052e+159
p3 9.376586216470743e+156 -1.9909800154844465e+158 -1.2779784274089184e+157
p4 1.274436709214846e+159 -2.7060786948126303e+160 -1.7369889039292743e+159
p5 5.693808037783697e+157 -1.208996297108535e+159 -7.760355073910788e+157
p6 4.330844699026232e+161 -9.19591101373508e+162 -5.902709120395643e+161
p7 -8.089964155727394e+158 1.7177847660319626e+160 1.1026187389361439e+159
p8 -2.6916667019905192e+153 5.715357901359063e+154 3.668597397287662e+153
p9 4.769710949588654e+159 -1.0127778874988802e+161 -6.500860289476153e+159
p10 4.2368259851226255e+153 -8.996276118750735e+154 -5.774566654291618e+153
p11 -8.309584076399828e+157 1.76441782234547e+159 1.1325517566004642e+158
p12 5.726993158775799e+158 -1.2160426689096758e+160 -7.805584614555721e+158
p13 -5.874265762188481e+157 1.2473138376968789e+159 8.00630927677784e+157
p14 -1.867860211275594e+152 3.966126121504388e+153 2.545793319995884e+152
p15 -3.1734994659358564e+157 6.738458827083696e+158 4.32530962039856e+157
p16 -1.6410232239290655e+158 3.4844711799796016e+159 2.2366266684291673e+158
p17 1.958071635338282e+163 -4.1576767971241694e+164 -2.668746654179965e+163
p18 3.458408581605304e+154 -7.343421382145355e+155 -4.7136254692499485e+154
p19 -7.571387529602613e+154 1.607672655368689e+156 1.0319395252174219e+155
p20 -4.821730508594565e+159 1.0238234748804743e+161 6.571760159298817e+159
p21 1.9077414705487321e+158 -4.050808103168142e+159 -2.600149338094929e+158
p22 9.333812635131246e+157 -1.981897675315908e+159 -1.272148617608964e+158
p23 -3.0370747822739944e+158 6.4487810994769895e+159 4.1393700911702298e+158
p24 -8.326687724777335e+154 1.7680495302320425e+156 1.1348828921706838e+155
p25 3.5914362700135567e+155 -7.625886090528979e+156 -4.894935076082333e+155
p26 -1.958308558811249e+163 4.158179869232702e+164 2.6690695681706306e+163
p27 -6.57064966517227e+160 1.3951807054392465e+162 8.95544319893472e+160
p28 6.351501115311693e+160 -1.3486477377768396e+162 -8.656755475434875e+160
p29 2.3173911258738633e+159 -4.9206388264965865e+160 -3.1584798543561733e+159
30.0
Point = 28
p0 -1.1790300509688783e+162 2.5034967043882167e+163 1.6069547441032337e+162
p1 -1.0662045353481789e+165 2.2639283352061006e+166 1.4531796156121586e+165
p2 6.387310759496436e+163 -1.356251388432564e+165 -8.705562100473774e+163
p3 -8.656074468944426e+161 1.837989955229169e+163 1.1797765393469419e+162
p4 1.9010234184149492e+163 -4.0365433086762537e+164 -2.5909929932344733e+163
p5 -3.746490939354282e+162 7.955121849511986e+163 5.10626627691787e+162
p6 7.517233253248038e+162 -1.5961737921912147e+164 -1.0245585877061218e+163
p7 -4.05296046907009e+162 8.605864769091042e+163 5.5239678141222875e+162
p8 9.45398790460599e+162 -2.0074151242419662e+164 -1.2885278625016304e+163
p9 2.7405172217281825e+165 -5.819084786920967e+166 -3.7351780365002435e+165
p10 4.1711876910651567e+167 -8.856902866373123e+168 -5.685105178781481e+167
p11 1.367805871903083e+171 -2.9043343634356645e+172 -1.8642460665533422e+171
p12 7.817811677687609e+162 -1.6599971946885723e+164 -1.0655258153634084e+163
p13 -2.8230303049015384e+164 5.994289169221192e+165 3.847638944809617e+164
p14 5.004870730291824e+162 -1.0627106042698613e+164 -6.821370462149609e+162
p15 -1.3118321757934999e+163 2.785482461715589e+164 1.7879569198650328e+163
p16 -2.339463107723339e+163 4.967505429916975e+164 3.188562782196416e+163
p17 3.294056115744344e+168 -6.994443121325911e+169 -4.489621870271876e+168
p18 -3.243060811793744e+162 6.886162102301256e+163 4.420118005172709e+162
p19 -3.259639596146788e+168 6.921364709695781e+169 4.442713999350886e+168
p20 -1.367804280530314e+171 2.9043309843899142e+172 1.8642438975975823e+171
p21 2.2487234583955683e+163 -4.774833145726471e+164 -3.064889505297578e+163
p22 -2.740713427759852e+161 5.819501401538434e+162 3.735445454801542e+161
p23 -1.5540716235419023e+164 3.299842259934977e+165 2.1181162991347627e+164
p24 3.4174587521009877e+161 -7.256470448939659e+162 -4.657813047218722e+161
p25 -2.4635678363287706e+165 5.231023547039925e+166 3.3577108732346925e+165
p26 -5.093452082032293e+165 1.08151954997657e+167 6.942102095157141e+165
p27 -4.171200833812593e+167 8.856930773062075e+168 5.685123091641573e+167
p28 -2.980950025222477e+166 6.329608442090021e+167 4.0628750565174154e+166
p29 3.7707533683985564e+163 -8.006639545013365e+164 -5.139334666840691e+163
30.0
Point = 29
p0 2.4746676094195803e+170 -5.2545922807880275e+171 -3.3728392688273977e+170
p1 -4.13195331877155e+170 8.77359445395813e+171 5.631630832951775e+170
p2 1.9353551181893587e+168 -4.1094416179014e+169 -2.6377852592842473e+168
p3 -1.708882263761991e+171 3.6285598590129106e+172 2.3291149013628403e+171
p4 1.5502973716116615e+172 -3.291828191709045e+173 -2.1129721961157136e+172
p5 -3.6056256152111377e+171 7.65601507571505e+172 4.914274392804781e+171
p6 -4.698035189351889e+174 9.975585952179242e+175 6.403170071270914e+174
p7 4.5956504183515643e+167 -9.758186966828325e+168 -6.2636251179021e+167
p8 -2.834597734373194e+169 6.018850902432942e+170 3.8634047309753554e+169
p9 -1.965518539175639e+169 4.173489200887245e+170 2.6788963848339787e+169
p10 -7.732237320569591e+174 1.641826740012795e+176 1.0538624893072682e+175
p11 7.96280038620289e+174 -1.6907834120240197e+176 -1.0852869989565306e+175
p12 9.212614133958194e+166 -1.956162958205489e+168 -1.2556299117220245e+167
p13 -5.655754690752728e+170 1.2009162291912937e+172 7.708490402191721e+170
p14 -1.7092306942534193e+170 3.6292996998560504e+171 2.329589793441062e+170
p15 -1.2542220693204806e+168 2.6631558835455597e+169 1.7094374335898253e+168
p16 3.159817791837506e+169 -6.709407806723704e+170 -4.306662232164865e+169
p17 4.700780972018273e+174 -9.981416217362566e+175 -6.406912425826172e+174
p18 3.2471159376267757e+168 -6.894772564901874e+169 -4.4256449242618135e+168
p19 -3.657030864792878e+169 7.765166553924093e+170 4.984336991819373e+169
p20 -2.488453109609877e+172 5.283863760566159e+173 3.391628166457639e+172
p21 1.8653590296440135e+170 -3.960815230601658e+171 -2.5423843435364414e+170
p22 4.092640034487329e+171 -8.690118483550635e+172 -5.578048934309842e+171
p23 1.812763447566557e+169 -3.8491362566110627e+170 -2.4706993851515513e+169
p24 -2.2266140325442672e+173 4.7278870354817325e+174 3.0347555432904637e+173
p25 2.892962354222057e+168 -6.142779578656582e+169 -3.94295257852751e+168
p26 5.192395170892974e+170 -1.1025286579871032e+172 -7.076956220300302e+170
p27 -1.9310642271489226e+169 4.100330542598626e+170 2.6319370048583415e+169
p28 -5.975830800396571e+166 1.2688796780438796e+168 8.144736978301956e+166
p29 1.9927502563820685e+170 -4.231311742581669e+171 -2.716011755319223e+170
30.0
Point = 30
p0 1.0646512259319197e+172 -2.260630111381097e+173 -1.451062538160684e+172
p1 1.009704065547015e+176 -2.1439579071178864e+177 -1.3761725046259447e+176
p2 -1.6253261402252565e+173 3.451140734085794e+174 2.2152323849622684e+173
p3 9.146807220003732e+173 -1.9421898290154872e+175 -1.2466607821831233e+174
p4 5.767554404877571e+179 -1.2246552522664976e+181 -7.860867418243736e+179
p5 -5.076892115260524e+175 1.0780032848734172e+177 6.919531748333313e+175
p6 -1.8171142244953627e+176 3.8583744907797663e+177 2.4766292608324415e+176
p7 -1.0853268990071036e+176 2.3045318587217976e+177 1.4792423720066422e+176
p8 1.2279765548581306e+175 -2.6074273981626214e+176 -1.673666204568101e+175
p9 8.351326258605124e+172 -1.7732811600949257e+174 -1.1382409922284182e+173
p10 -6.533761567670786e+175 1.387348061101621e+177 8.90516669984783e+175
p11 1.220493913956379e+176 -2.591539112005484e+177 -1.663467766211411e+176
p12 -4.073199072335008e+176 8.648838463046936e+177 5.551551945250974e+176
p13 1.3083969766996645e+175 -2.7781883222631934e+176 -1.7832749276832052e+175
p14 -8.273378101453712e+172 1.756730016688414e+174 1.1276170763387757e+173
p15 -5.767564868522875e+179 1.2246574740675033e+181 7.860881679631266e+179
p16 6.46254641399316e+175 -1.3722265718411973e+177 -8.80810426368663e+175
p17 1.878984900762179e+178 -3.989747761550057e+179 -2.5609556753001094e+178
p18 -1.7099288418931622e+176 3.630782113568776e+177 2.330541331241856e+176
p19 -5.127807730825914e+174 1.0888144661206724e+176 6.9889270024360414e+174
p20 -9.128419300309552e+175 1.9382854250253507e+177 1.2441546073182455e+176
p21 2.6884701434127235e+174 -5.708570479903333e+175 -3.6642406593341443e+174
p22 -1.802331753698265e+178 3.8269860907191947e+179 2.4564815457191244e+178
p23 5.918376001885862e+173 -1.2566799975858002e+175 -8.06642916845234e+173
p24 -1.3668405697632201e+175 2.90228468647968e+176 1.8629304114927526e+175
p25 6.785245450311374e+173 -1.4407469605512238e+175 -9.24792574822213e+173
p26 -3.923834563855855e+175 8.331684922793365e+176 5.3479761285837185e+175
p27 -4.815532526051042e+174 1.0225074245508991e+176 6.563312641405613e+174
p28 6.95343921370305e+173 -1.476460429601796e+175 -9.477164829777955e+173
p29 5.488587137217158e+175 -1.1654206606930169e+177 -7.480649989648054e+175
